750
861 979
511 363
339 558
415 635
99 828
146 753
581 253
438 634
20 980
414 577
182 882
409 427
236 731
413 659
51 916
91 892
521 324
856 117
814 79
936
482 510
386 685
344 512
153 883
392 449
832 224
544 484
619 207
513 542
157 911
846 175
939
661 190
470 403
622 198
695 160
847 53
670 399
200 762
716 337
800 248
837 54
130 824
150 884
458 589
44 909
105 898
794 59
388 599
286
78
304 717
394 636
620 419
525 428
144 927
813 237
820
885 69
840 185
817 191
134 934
537 487
801 55
625 280
986
156 918
903 930
52 897
528 288
454 607
129 990
612 331
327 668
705 116
12 85
376 660
461 586
199 657
566 238
988 119
546
80 57
675 143
151 715
825 46
770 257
252 590
405 492
956 158
573 234
483
165 711
345 628
490 529
697 128
6 774
743
124 758
857 96
973 36
436
196
653 223
472
725
81
450
553 306
244 595
373 501
189
724
737 126
896
664 171
596
567
23
437 375
681 168
474 338
426 478
920 65
866 95
852
49 910
952 47
22
775
906
48
779
963
932 161
923
889
924
219
278
127
217
550
125
951
570
241
329
504
728
732
283
746
913
638
706
836
277
254
181
730
736
38
211
87
275
561
509
648
292
5
860
21
203
627
849
964
605
867
328
228
942
166
296
479
559
302
505
63
34
433
41
799
167
4
880
922
729
812
629
887
281
148
411
360
473
364
644
309
536
539
406
446
616
755
184
768
777
209
899
111
803
886
708
9
60
718
500
647
202
992
641
159
613
727
463
905
251
663
907
688
258
319
926
754
298
391
908
554
650
361
778
332
831
516
268
299
707
39
970
575
255
233
358
460
823
178
279
719
440
362
839
786
400
821
640
652
396
682
274
62
140
925
815
591
863
693
213
222
514
869
560
177
787
933
356
334
506
975
315
136
121
174
785
186
276
132
112
807
574
431
742
680
412
425
342
702
453
843
822
519
235
611
741
230
733
672
809
205
374
655
649
441
325
829
16
531
848
397
894 974
966
995 968
354
982 981
767
991 961
17
993 928
556
959
914
448
835 996
477
33
841 967
938
694
722
859
493
766
646
784
862 958
420
872 957
602
333
891 949
971
915 876
937 838
947 834
953 818
984 810
8 999
15 985
27 945
88 902
94 798
108 783
114 750
118 749
162 699
169 696
183 603
204 600
242 598
249 587
262 578
263 568
289 564
341 523
372 496
408 445
469 418
471 398
543 322
615 221
721 180
744 152
795 104
796 97
797 84
10 946
26 941
31 940
67 904
155 788
195 782
243 752
256 700
401 683
402 673
447 618
475 552
481 548
522 527
524 476
617 466
665 417
686 395
714 310
735 295
740 291
751 264
873 86
929 68
960 64
72 868
133 806
137 793
138 781
231 773
270 720
307 698
318 676
368 666
383 637
410 633
422 632
424 631
444 630
452 608
455 535
494 498
674 432
701 384
703 343
726 335
765 269
808 246
881 214
912 206
977 131
147 919
188 871
259 816
285 789
297 759
321 710
330 709
371 601
407 580
443 545
518 464
562 390
572 366
583 359
643 271
662 218
760 71
833 2
853 965
18 769
173 684
227 651
273 585
290 582
336 579
350 563
355 517
365 503
382 495
434 465
459 353
534 266
609 226
624 172
689 163
763 123
805 102
879 76
101 901
858 215
32 66
40 58
93 37
115 0
571 385
547 250
30 82
943 61
28
83
109
113
154
179
197
260
294
314
416
488
497
557
588
645
723
745
761
771
802
890
962
969
13
19
50
145
149
187
201
216
247
287
300
301
320
367
381
387
404
468
480
508
555
576
606
623
654
739
877
950
954
994
11
89
90
92
103
139
313
348
349
370
423
429
451
457
467
485
541
551
677
679
704
756
757
792
830
855
864
972
35
70
98
106
208
265
305
389
456
462
499
507
530
532
549
594
614
712
900
3
25
120
245
272
347
352
393
435
502
533
584
610
671
844
845
870
878
888
921
944
987
998
73
142
225
229
232
261
267
284
311
369
421
430
442
526
597
604
669
687
865
935
978
7
24
29
100
193
212
240
439
565
593
656
776
804
811
827
850
851
875
931
997
1
45
75
77
239
303
312
346
377
378
380
486
489
491
520
540
658
667
690
692
713
790
791
819
826
842
874
893
895
917
983
74
107
110
164
170
176
293
316
323
326
340
351
357
379
515
538
592
621
678
738
747
764
772
854
955
976
14
42
43
135
141
192
194
210
220
282
308
317
569
626
639
642
691
734
748
780
948
989
56
122
